[gd_scene load_steps=5 format=3 uid="uid://betet5airkcu3"]

[ext_resource type="PackedScene" uid="uid://dm24ld1hnvcd6" path="res://robot.tscn" id="1_lwbru"]

[sub_resource type="Environment" id="Environment_2edoj"]
ssao_enabled = true
ssao_radius = 0.89
ssao_intensity = 3.38

[sub_resource type="CameraAttributesPractical" id="CameraAttributesPractical_gelff"]

[sub_resource type="BoxShape3D" id="BoxShape3D_w8mwv"]

[node name="Env" type="Node3D"]

[node name="DirectionalLight3D" type="DirectionalLight3D" parent="."]
transform = Transform3D(0.707107, -0.5, 0.5, 0, 0.707107, 0.707107, -0.707107, -0.5, 0.5, 0, 0, 0)
shadow_enabled = true

[node name="CSGBox3D" type="CSGBox3D" parent="."]
transform = Transform3D(1, 0, 0, 0, 0.245243, 0, 0, 0, 1, 0, 0, 0)
use_collision = true
size = Vector3(50, 1, 50)

[node name="CSGBox3D2" type="CSGBox3D" parent="."]
transform = Transform3D(1, 0, 0, 0, 1, 0, 0, 0, 1, -2.9886, 0.729308, -8.15458)
use_collision = true
size = Vector3(6.44971, 1.18506, 7.33472)

[node name="CSGBox3D4" type="CSGBox3D" parent="."]
transform = Transform3D(1, 0, 0, 0, 1, 0, 0, 0, 1, -2.9886, 1.88119, -14.5347)
use_collision = true
size = Vector3(6.44971, 1.18506, 7.33472)

[node name="Robot" parent="." instance=ExtResource("1_lwbru")]
transform = Transform3D(0.60116, 0, 0.799129, 0, 1, 0, -0.799129, 0, 0.60116, 0.345712, 5.21952, 0)

[node name="Camera3D" type="Camera3D" parent="Robot"]
transform = Transform3D(1, 0, -5.96046e-08, 0, 0.976179, 0.216968, 0, -0.216968, 0.976179, -0.0917054, 2.27391, 5.7533)

[node name="WorldEnvironment" type="WorldEnvironment" parent="."]
environment = SubResource("Environment_2edoj")
camera_attributes = SubResource("CameraAttributesPractical_gelff")

[node name="RigidBody3D" type="RigidBody3D" parent="."]
transform = Transform3D(1, 0, 0, 0, 1, 0, 0, 0, 1, 4.92004, 2.6593, -5.26112)

[node name="CSGBox3D3" type="CSGBox3D" parent="RigidBody3D"]

[node name="CollisionShape3D" type="CollisionShape3D" parent="RigidBody3D"]
shape = SubResource("BoxShape3D_w8mwv")
