[gd_scene load_steps=2 format=3 uid="uid://betet5airkcu3"]

[ext_resource type="PackedScene" uid="uid://dm24ld1hnvcd6" path="res://robot.tscn" id="1_lwbru"]

[node name="Env" type="Node3D"]

[node name="DirectionalLight3D" type="DirectionalLight3D" parent="."]
transform = Transform3D(0.707107, -0.5, 0.5, 0, 0.707107, 0.707107, -0.707107, -0.5, 0.5, 0, 0, 0)
shadow_enabled = true

[node name="CSGBox3D" type="CSGBox3D" parent="."]
transform = Transform3D(1, 0, 0, 0, 0.245243, 0, 0, 0, 1, 0, 0, 0)
use_collision = true
size = Vector3(50, 1, 50)

[node name="CSGBox3D2" type="CSGBox3D" parent="."]
transform = Transform3D(1, 0, 0, 0, 1, 0, 0, 0, 1, -2.9886, 0.636779, -8.15458)
use_collision = true
size = Vector3(6.44971, 1, 7.33472)

[node name="CSGBox3D3" type="CSGBox3D" parent="."]
transform = Transform3D(1, 0, 0, 0, 1, 0, 0, 0, 1, 4.92004, 0.636779, -5.26112)

[node name="Robot" parent="." instance=ExtResource("1_lwbru")]
transform = Transform3D(0.60116, 0, 0.799129, 0, 1, 0, -0.799129, 0, 0.60116, 0.345712, 2.83782, 0)
speed = null

[node name="Camera3D" type="Camera3D" parent="Robot"]
transform = Transform3D(-0.0586269, -0.472966, 0.879128, 1.86265e-09, 0.880643, 0.473781, -0.99828, 0.0277763, -0.0516294, 6.61919, 2.20408, -0.106563)
